# t_f_extract
-0.04601946927977363,       0.0,       0.0
-0.04601946927977363,0.14597442630723276,       0.0
-0.04601946927977363,0.14597442630723276,-1.9941296596765712
-0.024959076891385396,0.14597442630723276,-1.9941296596765712
-0.024959076891385396,0.07303576618936251,-1.9941296596765712
-0.024959076891385396,0.07303576618936251,-0.9970156181885091
-0.003758394619966871,0.07303576618936251,-0.9970156181885091
-0.003758394619966871,0.009416653128276858,-0.9970156181885091
-0.003758394619966871,0.009416653128276858,0.0007334181550731067
0.001047932872562633,0.009416653128276858,0.0007334181550731067
0.001047932872562633,-0.0894401899371459,0.0007334181550731067
0.001047932872562633,-0.0894401899371459,0.995823476288091
0.013748100852054954,-0.0894401899371459,0.995823476288091
0.013748100852054954,-0.17271852727040332,0.995823476288091
0.013748100852054954,-0.17271852727040332,1.9922688708101897
0.04095702855385501,-0.17271852727040332,1.9922688708101897
0.04095702855385501,-0.24726558526919884,1.9922688708101897
0.04095702855385501,-0.24726558526919884,2.9891151028826406
0.07319086138784395,-0.24726558526919884,2.9891151028826406
0.07319086138784395,-0.31659341386413675,2.9891151028826406
0.07319086138784395,-0.31659341386413675,3.986188135414933
0.10314019847986915,-0.31659341386413675,3.986188135414933
0.10314019847986915,-0.3848584648243254,3.986188135414933
0.10314019847986915,-0.3848584648243254,4.983405724522321
0.13881163125242207,-0.3848584648243254,4.983405724522321
0.13881163125242207,-0.46571114812879055,4.983405724522321
0.13881163125242207,-0.46571114812879055,5.979493267104006
0.16466825710492888,-0.46571114812879055,5.979493267104006
0.16466825710492888,-0.5504584706228679,5.979493267104006
0.16466825710492888,-0.5504584706228679,6.9755601956934505
0.19689700844621444,-0.5504584706228679,6.9755601956934505
0.19689700844621444,-0.6197150866273041,6.9755601956934505
0.19689700844621444,-0.6197150866273041,7.972638341440611
0.21956286474887116,-0.6197150866273041,7.972638341440611
0.21956286474887116,-0.6853880201641552,7.972638341440611
0.21956286474887116,-0.6853880201641552,8.97022208467159
0.2272195806787897,-0.6853880201641552,8.97022208467159
0.2272195806787897,-0.7498387315703143,8.97022208467159
0.2272195806787897,-0.7498387315703143,9.968113602072359
0.24246495829923703,-0.7498387315703143,9.968113602072359
0.24246495829923703,-0.8296687502717115,9.968113602072359
0.24246495829923703,-0.8296687502717115,10.964805503602287
0.25388409908586473,-0.8296687502717115,10.964805503602287
0.25388409908586473,-0.9190766167139747,10.964805503602287
0.25388409908586473,-0.9190766167139747,11.960735137985127
0.2790454174637864,-0.9190766167139747,11.960735137985127
0.2790454174637864,-0.9975537424461526,11.960735137985127
0.2790454174637864,-0.9975537424461526,12.95733347673264
0.2965095431148202,-0.9975537424461526,12.95733347673264
0.2965095431148202,-1.0769587043578077,12.95733347673264
0.2965095431148202,-1.0769587043578077,13.954022925025864
0.3466989017282604,-1.0769587043578077,13.954022925025864
0.3466989017282604,-1.134104507061548,13.954022925025864
0.3466989017282604,-1.134104507061548,14.951126422921302
0.37866619829386916,-1.134104507061548,14.951126422921302
0.37866619829386916,-1.2235605989347038,14.951126422921302
0.37866619829386916,-1.2235605989347038,15.946604046766794
0.40646711922557915,-1.2235605989347038,15.946604046766794
0.40646711922557915,-1.3006882729489728,15.946604046766794
0.40646711922557915,-1.3006882729489728,16.943237595618374
0.42604803160806015,-1.3006882729489728,16.943237595618374
0.42604803160806015,-1.3600196842893737,16.943237595618374
0.42604803160806015,-1.3600196842893737,17.94128387285136
0.46337459048868773,-1.3600196842893737,17.94128387285136
0.46337459048868773,-1.4125627615330272,17.94128387285136
0.46337459048868773,-1.4125627615330272,18.939204687864205
0.47637429924657704,-1.4125627615330272,18.939204687864205
0.47637429924657704,-1.4888548604618292,18.939204687864205
0.47637429924657704,-1.4888548604618292,19.93620545176223
0.49328190425848906,-1.4888548604618292,19.93620545176223
0.49328190425848906,-1.5775307810011285,19.93620545176223
0.49328190425848906,-1.5775307810011285,20.932122473410757
0.5178574247679507,-1.5775307810011285,20.932122473410757
0.5178574247679507,-1.6582086104112423,20.932122473410757
0.5178574247679507,-1.6582086104112423,21.928559692523613
0.5439009082486149,-1.6582086104112423,21.928559692523613
0.5439009082486149,-1.7198018453351753,21.928559692523613
0.5439009082486149,-1.7198018453351753,22.926321192271825
0.5759438297829491,-1.7198018453351753,22.926321192271825
0.5759438297829491,-1.7914908304442472,22.926321192271825
0.5759438297829491,-1.7914908304442472,23.923233395323617
0.6055059073694697,-1.7914908304442472,23.923233395323617
0.6055059073694697,-1.8752708939771432,23.923233395323617
0.6055059073694697,-1.8752708939771432,24.919279069237817
0.6358580482406985,-1.8752708939771432,24.919279069237817
0.6358580482406985,-1.9607054554210381,24.919279069237817
0.6358580482406985,-1.9607054554210381,25.915160429267928
0.6512833698417007,-1.9607054554210381,25.915160429267928
0.6512833698417007,-2.0257428091101586,25.915160429267928
0.6512833698417007,-2.0257428091101586,26.912924029565424
0.6659585060872811,-2.0257428091101586,26.912924029565424
0.6659585060872811,-2.0918361707339708,26.912924029565424
0.6659585060872811,-2.0918361707339708,27.910629551212686
0.677740043265343,-2.0918361707339708,27.910629551212686
0.677740043265343,-2.1779366330164196,27.910629551212686
0.677740043265343,-2.1779366330164196,28.906846347786843
0.6855260505377408,-2.1779366330164196,28.906846347786843
0.6855260505377408,-2.2797855038863224,28.906846347786843
0.6855260505377408,-2.2797855038863224,29.901615761064754
0.7157953052788406,-2.2797855038863224,29.901615761064754
0.7157953052788406,-2.350524099196225,29.901615761064754
0.7157953052788406,-2.350524099196225,30.898651278662296
0.7374516178936933,-2.350524099196225,30.898651278662296
0.7374516178936933,-2.4138364599916944,30.898651278662296
0.7374516178936933,-2.4138364599916944,31.896410041637814
0.7735598672316403,-2.4138364599916944,31.896410041637814
0.7735598672316403,-2.497334913532234,31.896410041637814
0.7735598672316403,-2.497334913532234,32.89226354621873
0.7988272291110463,-2.497334913532234,32.89226354621873
0.7988272291110463,-2.5929961521380607,32.89226354621873
0.7988272291110463,-2.5929961521380607,33.88735675182917
0.8187034737819255,-2.5929961521380607,33.88735675182917
0.8187034737819255,-2.6697004522342893,33.88735675182917
0.8187034737819255,-2.6697004522342893,34.88421250129572
0.8404813346421367,-2.6697004522342893,34.88421250129572
0.8404813346421367,-2.7319370547537924,34.88421250129572
0.8404813346421367,-2.7319370547537924,35.88203629840781
0.8641385374113227,-2.7319370547537924,35.88203629840781
0.8641385374113227,-2.8051470945394965,35.88203629840781
0.8641385374113227,-2.8051470945394965,36.879072218940124
0.8755076045205359,-2.8051470945394965,36.879072218940124
0.8755076045205359,-2.89208298178247,36.879072218940124
0.8755076045205359,-2.89208298178247,37.87522125187764
0.9076810557669247,-2.89208298178247,37.87522125187764
0.9076810557669247,-2.96868064948025,37.87522125187764
0.9076810557669247,-2.96868064948025,38.871764109128726
0.924293958888895,-2.96868064948025,38.871764109128726
0.924293958888895,-3.028296348292498,38.871764109128726
0.924293958888895,-3.028296348292498,39.86984726192963
0.9503717744923932,-3.028296348292498,39.86984726192963
0.9503717744923932,-3.091075484269188,39.86984726192963
0.9503717744923932,-3.091075484269188,40.86753395003335
0.987153080355783,-3.091075484269188,40.86753395003335
0.987153080355783,-3.162836352466032,40.86753395003335
0.987153080355783,-3.162836352466032,41.86427740415513
1.0060738893645413,-3.162836352466032,41.86427740415513
1.0060738893645413,-3.2497206899106175,41.86427740415513
1.0060738893645413,-3.2497206899106175,42.86031611569865
1.0367188993072962,-3.2497206899106175,42.86031611569865
1.0367188993072962,-3.313534982608707,42.86031611569865
1.0367188993072962,-3.313534982608707,43.85780727827256
1.0412538324831344,-3.313534982608707,43.85780727827256
1.0412538324831344,-3.317305071530947,43.85780727827256
1.0412538324831344,-3.317305071530947,44.85778988852666
1.0618861001189646,-3.317305071530947,44.85778988852666
1.0618861001189646,-3.3885236198878963,44.85778988852666
1.0618861001189646,-3.3885236198878963,45.85503721386884
1.0716799506477919,-3.3885236198878963,45.85503721386884
1.0716799506477919,-3.482618130183725,45.85503721386884
1.0716799506477919,-3.482618130183725,46.85055230849273
1.0923895809210094,-3.482618130183725,46.85055230849273
1.0923895809210094,-3.572556949178547,46.85055230849273
1.0923895809210094,-3.572556949178547,47.846284260401355
1.1260555220631883,-3.572556949178547,47.846284260401355
1.1260555220631883,-3.6396549227595574,47.846284260401355
1.1260555220631883,-3.6396549227595574,48.84346251244476
1.1540041787072595,-3.6396549227595574,48.84346251244476
1.1540041787072595,-3.709097190332212,48.84346251244476
1.1540041787072595,-3.709097190332212,49.84065689874372
1.1906271338944154,-3.709097190332212,49.84065689874372
1.1906271338944154,-3.8018254526642177,49.84065689874372
1.1906271338944154,-3.8018254526642177,50.83567460135923
1.2216273692264492,-3.8018254526642177,50.83567460135923
1.2216273692264492,-3.887409496449723,50.83567460135923
1.2216273692264492,-3.887409496449723,51.83152316256655
1.2299439175231321,-3.887409496449723,51.83152316256655
1.2299439175231321,-3.9537381215589833,51.83152316256655
1.2299439175231321,-3.9537381215589833,52.82928633512582
1.2533438403480228,-3.9537381215589833,52.82928633512582
1.2533438403480228,-4.0091199672750095,52.82928633512582
1.2533438403480228,-4.0091199672750095,53.82747734629396
1.27419139029583,-4.0091199672750095,53.82747734629396
1.27419139029583,-4.091398050332157,53.82747734629396
1.27419139029583,-4.091398050332157,54.82386868342492
1.3004965202016845,-4.091398050332157,54.82386868342492
1.3004965202016845,-4.1764460352498665,54.82386868342492
1.3004965202016845,-4.1764460352498665,55.8198982414211
1.327257831329894,-4.1764460352498665,55.8198982414211
1.327257831329894,-4.24649635959206,55.8198982414211
1.327257831329894,-4.24649635959206,56.81708266984257
1.3564551360480586,-4.24649635959206,56.81708266984257
1.3564551360480586,-4.311715418799892,56.81708266984257
1.3564551360480586,-4.311715418799892,57.814526398437444
1.3867466370279975,-4.311715418799892,57.814526398437444
1.3867466370279975,-4.385750183021937,57.814526398437444
1.3867466370279975,-4.385750183021937,58.81132190337061
1.4140843636012754,-4.385750183021937,58.81132190337061
1.4140843636012754,-4.472289843351759,58.81132190337061
1.4140843636012754,-4.472289843351759,59.807195156297816
1.441773649306394,-4.472289843351759,59.807195156297816
1.441773649306394,-4.550484452696568,59.807195156297816
1.441773649306394,-4.550484452696568,60.80374867042867
1.468993696914977,-4.550484452696568,60.80374867042867
1.468993696914977,-4.610175534560282,60.80374867042867
1.468993696914977,-4.610175534560282,61.80159437180445
1.5021129307152181,-4.610175534560282,61.80159437180445
1.5021129307152181,-4.662230850985829,61.80159437180445
1.5021129307152181,-4.662230850985829,62.79968923722773
1.5306817387100695,-4.662230850985829,62.79968923722773
1.5306817387100695,-4.742693281620162,62.79968923722773
1.5306817387100695,-4.742693281620162,63.79603737942812
1.5614415663284267,-4.742693281620162,63.79603737942812
1.5614415663284267,-4.8295339049008215,63.79603737942812
1.5614415663284267,-4.8295339049008215,64.79178460596361
1.5920848676433614,-4.8295339049008215,64.79178460596361
1.5920848676433614,-4.8975938406286605,64.79178460596361
1.5920848676433614,-4.8975938406286605,65.78899513199774
1.6210448073801214,-4.8975938406286605,65.78899513199774
1.6210448073801214,-4.96943324389767,65.78899513199774
1.6210448073801214,-4.96943324389767,66.78599083009698
1.6640536051130776,-4.96943324389767,66.78599083009698
1.6640536051130776,-5.050872777205725,66.78599083009698
1.6640536051130776,-5.050872777205725,67.78174072125044
1.684889241220797,-5.050872777205725,67.78174072125044
1.684889241220797,-5.142809117194925,67.78174072125044
1.684889241220797,-5.142809117194925,68.77728759892993
1.7034296917300746,-5.142809117194925,68.77728759892993
1.7034296917300746,-5.225616873649804,68.77728759892993
1.7034296917300746,-5.225616873649804,69.7736806574996
1.7351234095991388,-5.225616873649804,69.7736806574996
1.7351234095991388,-5.28357896151662,69.7736806574996
1.7351234095991388,-5.28357896151662,70.77149622393347
1.7553871842521747,-5.28357896151662,70.77149622393347
1.7553871842521747,-5.353790485087157,70.77149622393347
1.7553871842521747,-5.353790485087157,71.76882251025842
1.7776350991414969,-5.353790485087157,71.76882251025842
1.7776350991414969,-5.442390786248043,71.76882251025842
1.7776350991414969,-5.442390786248043,72.7646412773628
1.8002309610445437,-5.442390786248043,72.7646412773628
1.8002309610445437,-5.526604404306346,72.7646412773628
1.8002309610445437,-5.526604404306346,73.76083277178462
1.833567627229872,-5.526604404306346,73.76083277178462
1.833567627229872,-5.600177851643916,73.76083277178462
1.833567627229872,-5.600177851643916,74.7575652406721
1.8709968359938516,-5.600177851643916,74.7575652406721
1.8709968359938516,-5.67270265522772,74.7575652406721
1.8709968359938516,-5.67270265522772,75.75422927995335
1.9000902097013737,-5.67270265522772,75.75422927995335
1.9000902097013737,-5.758160016390243,75.75422927995335
1.9000902097013737,-5.758160016390243,76.75014625190907
1.9262124293957201,-5.758160016390243,76.75014625190907
1.9262124293957201,-5.850780229654197,76.75014625190907
1.9262124293957201,-5.850780229654197,77.74550504437197
1.9586663327163545,-5.850780229654197,77.74550504437197
1.9586663327163545,-5.916781595983615,77.74550504437197
1.9586663327163545,-5.916781595983615,78.74279665859616
1.976200178909942,-5.916781595983615,78.74279665859616
1.976200178909942,-5.984065435929151,78.74279665859616
1.976200178909942,-5.984065435929151,79.74037645446207
1.9982417437178266,-5.984065435929151,79.74037645446207
1.9982417437178266,-6.066330540145327,79.74037645446207
1.9982417437178266,-6.066330540145327,80.7367431650908
2.0218849442896643,-6.066330540145327,80.7367431650908
2.0218849442896643,-6.158322752610322,80.7367431650908
2.0218849442896643,-6.158322752610322,81.73222216130947
2.0547551215710587,-6.158322752610322,81.73222216130947
2.0547551215710587,-6.237194836842254,81.73222216130947
2.0547551215710587,-6.237194836842254,82.72856484621984
2.09689985576954,-6.237194836842254,82.72856484621984
2.09689985576954,-6.305712412288028,82.72856484621984
2.09689985576954,-6.305712412288028,83.7253241768681
2.132056164715609,-6.305712412288028,83.7253241768681
2.132056164715609,-6.383063838593137,83.7253241768681
2.132056164715609,-6.383063838593137,84.72170803401848
2.158690949928339,-6.383063838593137,84.72170803401848
2.158690949928339,-6.473440472341999,84.72170803401848
2.158690949928339,-6.473440472341999,85.71725946528102
2.1886232800084584,-6.473440472341999,85.71725946528102
2.1886232800084584,-6.565096650676933,85.71725946528102
2.1886232800084584,-6.565096650676933,86.71260021125147
2.203152475874341,-6.565096650676933,86.71260021125147
2.203152475874341,-6.6350747092769,86.71260021125147
2.203152475874341,-6.6350747092769,87.71004292829444
2.2239508951757063,-6.6350747092769,87.71004292829444
2.2239508951757063,-6.697564471825901,87.71004292829444
2.2239508951757063,-6.697564471825901,88.70787179905894
2.2379333030886017,-6.697564471825901,88.70787179905894
2.2379333030886017,-6.781916492249008,88.70787179905894
2.2379333030886017,-6.781916492249008,89.70420970806346
2.2546413074986624,-6.781916492249008,89.70420970806346
2.2546413074986624,-6.876251140575216,89.70420970806346
2.2546413074986624,-6.876251140575216,90.69961003793773
2.286335203129936,-6.876251140575216,90.69961003793773
2.286335203129936,-6.952050413258269,90.69961003793773
2.286335203129936,-6.952050413258269,91.69622930688672
2.309643324735412,-6.952050413258269,91.69622930688672
2.309643324735412,-7.005246809651711,91.69622930688672
2.309643324735412,-7.005246809651711,92.6945413196753
2.34878208919121,-7.005246809651711,92.6945413196753
2.34878208919121,-7.082815142912894,92.6945413196753
2.34878208919121,-7.082815142912894,93.69075982522112
2.381766318159202,-7.082815142912894,93.69075982522112
2.381766318159202,-7.164991748968733,93.69075982522112
2.381766318159202,-7.164991748968733,94.68683163290194
2.4153339050802374,-7.164991748968733,94.68683163290194
2.4153339050802374,-7.244010444373289,94.68683163290194
2.4153339050802374,-7.244010444373289,95.68313944823055
2.448202754945954,-7.244010444373289,95.68313944823055
2.448202754945954,-7.308647629293177,95.68313944823055
2.448202754945954,-7.308647629293177,96.68050681938028
2.4655584705953393,-7.308647629293177,96.68050681938028
2.4655584705953393,-7.373818601889371,96.68050681938028
2.4655584705953393,-7.373818601889371,97.67822998913488
2.5008076846053,-7.373818601889371,97.67822998913488
2.5008076846053,-7.465216746703392,97.67822998913488
2.5008076846053,-7.465216746703392,98.6734203588814
2.5353378402847278,-7.465216746703392,98.6734203588814
2.5353378402847278,-7.550619989603701,98.6734203588814
2.5353378402847278,-7.550619989603701,99.66916829608783
2.5659344205954624,-7.550619989603701,99.66916829608783
2.5659344205954624,-7.623664344198287,99.66916829608783
2.5659344205954624,-7.623664344198287,100.6660275497115
2.6049366555879474,-7.623664344198287,100.6660275497115
2.6049366555879474,-7.6914154404987,100.6660275497115
2.6049366555879474,-7.6914154404987,101.6629671740698
2.643498620663874,-7.6914154404987,101.6629671740698
2.643498620663874,-7.771875837753834,101.6629671740698
2.643498620663874,-7.771875837753834,102.658978770048
2.659324719516784,-7.771875837753834,102.658978770048
2.659324719516784,-7.869757263641772,102.658978770048
2.659324719516784,-7.869757263641772,103.65405100916496
2.6817004816639343,-7.869757263641772,103.65405100916496
2.6817004816639343,-7.944394092953293,103.65405100916496
2.6817004816639343,-7.944394092953293,104.65101072198121
2.703669508486765,-7.944394092953293,104.65101072198121
2.703669508486765,-8.007597352102318,104.65101072198121
2.703669508486765,-8.007597352102318,105.64876956553681
2.7307984482204217,-8.007597352102318,105.64876956553681
2.7307984482204217,-8.082061100624172,105.64876956553681
2.7307984482204217,-8.082061100624172,106.6456242042806
2.7450477871377266,-8.082061100624172,106.6456242042806
2.7450477871377266,-8.17523500365924,106.6456242042806
2.7450477871377266,-8.17523500365924,107.64117208365839
2.7733574735303836,-8.17523500365924,107.64117208365839
2.7733574735303836,-8.254768957708954,107.64117208365839
2.7733574735303836,-8.254768957708954,108.63760216741217
2.8021067200769942,-8.254768957708954,108.63760216741217
2.8021067200769942,-8.322302259898676,108.63760216741217
2.8021067200769942,-8.322302259898676,109.6349048967368
2.8332682676358396,-8.322302259898676,109.6349048967368
2.8332682676358396,-8.389222148011061,109.6349048967368
2.8332682676358396,-8.389222148011061,110.63217651797585
2.8642214109445243,-8.389222148011061,110.63217651797585
2.8642214109445243,-8.473842774336743,110.63217651797585
2.8642214109445243,-8.473842774336743,111.62810887136114
2.8861219411351975,-8.473842774336743,111.62810887136114
2.8861219411351975,-8.558648602328754,111.62810887136114
2.8861219411351975,-8.558648602328754,112.62426565536451
2.905664293585752,-8.558648602328754,112.62426565536451
2.905664293585752,-8.629799759606678,112.62426565536451
2.905664293585752,-8.629799759606678,113.62153974470941
2.9260122301444547,-8.629799759606678,113.62153974470941
2.9260122301444547,-8.69199652820569,113.62153974470941
2.9260122301444547,-8.69199652820569,114.6193962090637
2.934024195672572,-8.69199652820569,114.6193962090637
2.934024195672572,-8.774884444062778,114.6193962090637
2.934024195672572,-8.774884444062778,115.61592287795582
2.9515922042759084,-8.774884444062778,115.61592287795582
2.9515922042759084,-8.866074738493857,115.61592287795582
2.9515922042759084,-8.866074738493857,116.61160138795556
2.971273808250668,-8.866074738493857,116.61160138795556
2.971273808250668,-8.94545596133636,116.61160138795556
2.971273808250668,-8.94545596133636,117.60825140472424
3.0036686400271555,-8.94545596133636,117.60825140472424
3.0036686400271555,-9.018313135740634,117.60825140472424
3.0036686400271555,-9.018313135740634,118.6050675397321
3.036838403428154,-9.018313135740634,118.6050675397321
3.036838403428154,-9.097276660076545,118.6050675397321
3.036838403428154,-9.097276660076545,119.60139305311634
3.064664114524567,-9.097276660076545,119.60139305311634
3.064664114524567,-9.191828850951074,119.60139305311634
3.064664114524567,-9.191828850951074,120.59652400580688
3.086102817735055,-9.191828850951074,120.59652400580688
3.086102817735055,-9.270842512177977,120.59652400580688
3.086102817735055,-9.270842512177977,121.59316698267682
3.109591430153834,-9.270842512177977,121.59316698267682
3.109591430153834,-9.33521287344599,121.59316698267682
3.109591430153834,-9.33521287344599,122.59081659134554
3.127385117554226,-9.33521287344599,122.59081659134554
3.127385117554226,-9.405228597738452,122.59081659134554
3.127385117554226,-9.405228597738452,123.58820376944665
3.1415246193719857,-9.405228597738452,123.58820376944665
3.1415246193719857,-9.488393509850471,123.58820376944665
3.1415246193719857,-9.488393509850471,124.58463925249698
3.168010152084186,-9.488393509850471,124.58463925249698
3.168010152084186,-9.5642858135711,124.58463925249698
3.168010152084186,-9.5642858135711,125.58140345469975
3.1919624895140206,-9.5642858135711,125.58140345469975
3.1919624895140206,-9.632603794607524,125.58140345469975
3.1919624895140206,-9.632603794607524,126.57877948158166
3.223307360862497,-9.632603794607524,126.57877948158166
3.223307360862497,-9.704950703904943,126.57877948158166
3.223307360862497,-9.704950703904943,127.57566634765787
3.255171156171138,-9.704950703904943,127.57566634765787
3.255171156171138,-9.789112608371596,127.57566634765787
3.255171156171138,-9.789112608371596,128.57160885221577
3.2839978428820156,-9.789112608371596,128.57160885221577
3.2839978428820156,-9.873814072589893,128.57160885221577
3.2839978428820156,-9.873814072589893,129.56759815140154
3.313588174734186,-9.873814072589893,129.56759815140154
3.313588174734186,-9.946685735447055,129.56759815140154
3.313588174734186,-9.946685735447055,130.5645004199381
3.3355841185696407,-9.946685735447055,130.5645004199381
3.3355841185696407,-10.014117953315864,130.5645004199381
3.3355841185696407,-10.014117953315864,131.56198178540217
3.3603761756016275,-10.014117953315864,131.56198178540217
3.3603761756016275,-10.099067692795227,131.56198178540217
3.3603761756016275,-10.099067692795227,132.5580585372996
3.386257083529413,-10.099067692795227,132.5580585372996
3.386257083529413,-10.18037844341751,132.5580585372996
3.386257083529413,-10.18037844341751,133.55441125618887
3.421756913190272,-10.18037844341751,133.55441125618887
3.421756913190272,-10.245706192004993,133.55441125618887
3.421756913190272,-10.245706192004993,134.5516434494912
3.461269655205322,-10.245706192004993,134.5516434494912
3.461269655205322,-10.31571163436693,134.5516434494912
3.461269655205322,-10.31571163436693,135.54840720347613
3.4992523054989224,-10.31571163436693,135.54840720347613
3.4992523054989224,-10.405274208685034,135.54840720347613
3.4992523054989224,-10.405274208685034,136.54366388572356
3.533408488254755,-10.405274208685034,136.54366388572356
3.533408488254755,-10.494848345548506,136.54366388572356
3.533408488254755,-10.494848345548506,137.53905819411833
3.5608454231293623,-10.494848345548506,137.53905819411833
3.5608454231293623,-10.565092658110578,137.53905819411833
3.5608454231293623,-10.565092658110578,138.53621061534457
3.5883750943451935,-10.565092658110578,138.53621061534457
3.5883750943451935,-10.625683433511746,138.53621061534457
3.5883750943451935,-10.625683433511746,139.5339935953252
3.6098434508348753,-10.625683433511746,139.5339935953252
3.6098434508348753,-10.705200450077356,139.5339935953252
3.6098434508348753,-10.705200450077356,140.5305959000316
3.623932894535887,-10.705200450077356,140.5305959000316
3.623932894535887,-10.79060476854502,140.5305959000316
3.623932894535887,-10.79060476854502,141.52684265157626
3.6552478682689467,-10.79060476854502,141.52684265157626
3.6552478682689467,-10.869438854111591,141.52684265157626
3.6552478682689467,-10.869438854111591,142.52323843607806
3.689771770041231,-10.869438854111591,142.52323843607806
3.689771770041231,-10.945774854605839,142.52323843607806
3.689771770041231,-10.945774854605839,143.51972271354308
3.718041200900337,-10.945774854605839,143.51972271354308
3.718041200900337,-11.027273372114879,143.51972271354308
3.718041200900337,-11.027273372114879,144.51599518175783
3.749851737688113,-11.027273372114879,144.51599518175783
3.749851737688113,-11.11839710338358,144.51599518175783
3.749851737688113,-11.11839710338358,145.5113265614244
3.7726521399749116,-11.11839710338358,145.5113265614244
3.7726521399749116,-11.192174115079926,145.5113265614244
3.7726521399749116,-11.192174115079926,146.5083406506933
3.792744220758117,-11.192174115079926,146.5083406506933
3.792744220758117,-11.260189820590412,146.5083406506933
3.792744220758117,-11.260189820590412,147.50582256636582
3.812226874559791,-11.260189820590412,147.50582256636582
3.812226874559791,-11.342176155183662,147.50582256636582
3.812226874559791,-11.342176155183662,148.50226557383832
3.838175323423529,-11.342176155183662,148.50226557383832
3.838175323423529,-11.429573255143653,148.50226557383832
3.838175323423529,-11.429573255143653,149.49810111493943
3.8670427167666204,-11.429573255143653,149.49810111493943
3.8670427167666204,-11.50118256982249,149.49810111493943
3.8670427167666204,-11.50118256982249,150.49511604945786
3.909034954961856,-11.50118256982249,150.49511604945786
3.909034954961856,-11.5719599644015,150.49511604945786
3.909034954961856,-11.5719599644015,151.49172390230066
3.938590419040289,-11.5719599644015,151.49172390230066
3.938590419040289,-11.650185296597222,151.49172390230066
3.938590419040289,-11.650185296597222,152.48822140452833
3.968805357844031,-11.650185296597222,152.48822140452833
3.968805357844031,-11.738066435063748,152.48822140452833
3.968805357844031,-11.738066435063748,153.4838940228999
3.997634944746189,-11.738066435063748,153.4838940228999
3.997634944746189,-11.811525137461238,153.4838940228999
3.997634944746189,-11.811525137461238,154.48077549727944
4.0106644385501315,-11.811525137461238,154.48077549727944
4.0106644385501315,-11.875364011264118,154.48077549727944
4.0106644385501315,-11.875364011264118,155.47865065504357
4.031236467753112,-11.875364011264118,155.47865065504357
4.031236467753112,-11.958374035876687,155.47865065504357
4.031236467753112,-11.958374035876687,156.4749870076014
4.053318972401427,-11.958374035876687,156.4749870076014
4.053318972401427,-12.046326315872808,156.4749870076014
4.053318972401427,-12.046326315872808,157.4708668996727
4.077185570450674,-12.046326315872808,157.4708668996727
4.077185570450674,-12.12178741314817,157.4708668996727
4.077185570450674,-12.12178741314817,158.46772998369957
4.100755956409269,-12.12178741314817,158.46772998369957
4.100755956409269,-12.18657810301985,158.46772998369957
4.100755956409269,-12.18657810301985,159.4653504543254
4.130102194289668,-12.18657810301985,159.4653504543254
4.130102194289668,-12.258335081216986,159.4653504543254
4.130102194289668,-12.258335081216986,160.4623407924944
4.160337377772729,-12.258335081216986,160.4623407924944
4.160337377772729,-12.345307458029538,160.4623407924944
4.160337377772729,-12.345307458029538,161.45809258855166
4.19522053496398,-12.345307458029538,161.45809258855166
4.19522053496398,-12.429824311090812,161.45809258855166
4.19522053496398,-12.429824311090812,162.45390384922962
4.22161764774761,-12.429824311090812,162.45390384922962
4.22161764774761,-12.494359345458875,162.45390384922962
4.22161764774761,-12.494359345458875,163.45147009854634
4.24260364532939,-12.494359345458875,163.45147009854634
4.24260364532939,-12.561420308988128,163.45147009854634
4.24260364532939,-12.561420308988128,164.44899825106938
4.266721220811331,-12.561420308988128,164.44899825106938
4.266721220811331,-12.643287782020982,164.44899825106938
4.266721220811331,-12.643287782020982,165.44534962453764
4.2946215912880685,-12.643287782020982,165.44534962453764
4.2946215912880685,-12.730362997203445,165.44534962453764
4.2946215912880685,-12.730362997203445,166.44116058864086
4.328884663059194,-12.730362997203445,166.44116058864086
4.328884663059194,-12.804753638905826,166.44116058864086
4.328884663059194,-12.804753638905826,167.43780098233356
4.362222214955597,-12.804753638905826,167.43780098233356
4.362222214955597,-12.872818291042549,167.43780098233356
4.362222214955597,-12.872818291042549,168.4349247513628
4.387417001522003,-12.872818291042549,168.4349247513628
4.387417001522003,-12.94325530185653,168.4349247513628
4.387417001522003,-12.94325530185653,169.43212275087816
4.418978534986034,-12.94325530185653,169.43212275087816
4.418978534986034,-13.03056975827859,169.43212275087816
4.418978534986034,-13.03056975827859,170.4278034503522
4.449234183065537,-13.03056975827859,170.4278034503522
4.449234183065537,-13.113204833320877,170.4278034503522
4.449234183065537,-13.113204833320877,171.42392394513786
4.472861015626456,-13.113204833320877,171.42392394513786
4.472861015626456,-13.178474405102866,171.42392394513786
4.472861015626456,-13.178474405102866,172.4215118639613
4.501616211705061,-13.178474405102866,172.4215118639613
4.501616211705061,-13.249286965987212,172.4215118639613
4.501616211705061,-13.249286965987212,173.41858694634954
4.52191618106536,-13.249286965987212,173.41858694634954
4.52191618106536,-13.33517452445008,173.41858694634954
4.52191618106536,-13.33517452445008,174.4146849528455
4.551978894595337,-13.33517452445008,174.4146849528455
4.551978894595337,-13.4213851150904,174.4146849528455
4.551978894595337,-13.4213851150904,175.41050821392986
4.591055258975062,-13.4213851150904,175.41050821392986
4.591055258975062,-13.493736764396234,175.41050821392986
4.591055258975062,-13.493736764396234,176.40712161770767
4.6241598595378415,-13.493736764396234,176.40712161770767
4.6241598595378415,-13.561785796621367,176.40712161770767
4.6241598595378415,-13.561785796621367,177.40425421402313
4.659196517884086,-13.561785796621367,177.40425421402313
4.659196517884086,-13.640882294863312,177.40425421402313
4.659196517884086,-13.640882294863312,178.4005052750202
4.698021673396211,-13.640882294863312,178.4005052750202
4.698021673396211,-13.7286136054605,178.4005052750202
4.698021673396211,-13.7286136054605,179.39589254861795
4.718568366949679,-13.7286136054605,179.39589254861795
4.718568366949679,-13.808083861702746,179.39589254861795
4.718568366949679,-13.808083861702746,180.39251801074343
4.748520278634761,-13.808083861702746,180.39251801074343
4.748520278634761,-13.875449418506609,180.39251801074343
4.748520278634761,-13.875449418506609,181.38979669032247
4.773892267618677,-13.875449418506609,181.38979669032247
4.773892267618677,-13.942179619832274,181.38979669032247
4.773892267618677,-13.942179619832274,182.38724510623481
4.796952643470019,-13.942179619832274,182.38724510623481
4.796952643470019,-14.030375338390957,182.38724510623481
4.796952643470019,-14.030375338390957,183.38308130476022
4.820946795090886,-14.030375338390957,183.38308130476022
4.820946795090886,-14.114491921255647,183.38308130476022
4.820946795090886,-14.114491921255647,184.37924829938268
4.84757216877969,-14.114491921255647,184.37924829938268
4.84757216877969,-14.18670455455725,184.37924829938268
4.84757216877969,-14.18670455455725,185.376282112785
4.878205719821753,-14.18670455455725,185.376282112785
4.878205719821753,-14.238847725842753,185.376282112785
4.878205719821753,-14.238847725842753,186.37445177533684
4.915105394131708,-14.238847725842753,186.37445177533684
4.915105394131708,-14.311907325236149,186.37445177533684
4.915105394131708,-14.311907325236149,187.37109650088968
4.954176352431199,-14.311907325236149,187.37109650088968
4.954176352431199,-14.403735175190281,187.37109650088968
4.954176352431199,-14.403735175190281,188.36610459441977
4.98112915957155,-14.403735175190281,188.36610459441977
4.98112915957155,-14.482790578717873,188.36610459441977
4.98112915957155,-14.482790578717873,189.36261038434793
5.0080796951931195,-14.482790578717873,189.36261038434793
5.0080796951931195,-14.547772506854916,189.36261038434793
5.0080796951931195,-14.547772506854916,190.360132824018
5.032558301408716,-14.547772506854916,190.360132824018
5.032558301408716,-14.610626963017687,190.360132824018
5.032558301408716,-14.610626963017687,191.357855288022
5.048462882731324,-14.610626963017687,191.357855288022
5.048462882731324,-14.69575259658275,191.357855288022
5.048462882731324,-14.69575259658275,192.35409856694693
5.068839180011512,-14.69575259658275,192.35409856694693
5.068839180011512,-14.782511730962568,192.35409856694693
5.068839180011512,-14.782511730962568,193.3501194799356
5.100665421228304,-14.782511730962568,193.3501194799356
5.100665421228304,-14.846961767837271,193.3501194799356
5.100665421228304,-14.846961767837271,194.34753277597537
5.133205026655167,-14.846961767837271,194.34753277597537
5.133205026655167,-14.921705218619728,194.34753277597537
5.133205026655167,-14.921705218619728,195.3442045326956
5.172748202127053,-14.921705218619728,195.3442045326956
5.172748202127053,-14.994376356587647,195.3442045326956
5.172748202127053,-14.994376356587647,196.34077627771956
5.210171854200418,-14.994376356587647,196.34077627771956
5.210171854200418,-15.087686387650534,196.34077627771956
5.210171854200418,-15.087686387650534,197.33570979729186
5.230358410095356,-15.087686387650534,197.33570979729186
5.230358410095356,-15.175098740681944,197.33570979729186
5.230358410095356,-15.175098740681944,198.33167745916577
5.256274289992438,-15.175098740681944,198.33167745916577
5.256274289992438,-15.24077538537339,198.33167745916577
5.256274289992438,-15.24077538537339,199.3291818178085
5.2771865080060465,-15.24077538537339,199.3291818178085
5.2771865080060465,-15.312731356071986,199.3291818178085
5.2771865080060465,-15.312731356071986,200.3263703744108
5.294724101210677,-15.312731356071986,200.3263703744108
5.294724101210677,-15.40188875889323,200.3263703744108
5.294724101210677,-15.40188875889323,201.32223351277207
5.319322339884145,-15.40188875889323,201.32223351277207
5.319322339884145,-15.502739326525296,201.32223351277207
5.319322339884145,-15.502739326525296,202.3168309638358
5.355616906122058,-15.502739326525296,202.3168309638358
5.355616906122058,-15.582544963543855,202.3168309638358
5.355616906122058,-15.582544963543855,203.31298043292247
5.383975466131535,-15.582544963543855,203.31298043292247
5.383975466131535,-15.65156741668841,203.31298043292247
5.383975466131535,-15.65156741668841,204.3101923928568
5.417566122253391,-15.65156741668841,204.3101923928568
5.417566122253391,-15.721032125580555,204.3101923928568
5.417566122253391,-15.721032125580555,205.30721110985255
5.44781466768309,-15.721032125580555,205.30721110985255
5.44781466768309,-15.81071630631277,205.30721110985255
5.44781466768309,-15.81071630631277,206.3027219200529
5.469870591580542,-15.81071630631277,206.3027219200529
5.469870591580542,-15.898653126274011,206.3027219200529
5.469870591580542,-15.898653126274011,207.29860376641628
5.489890347712954,-15.898653126274011,207.29860376641628
5.489890347712954,-15.969021447988196,207.29860376641628
5.489890347712954,-15.969021447988196,208.2959239299864
5.515110874173476,-15.969021447988196,208.2959239299864
5.515110874173476,-16.04274397707779,208.2959239299864
5.515110874173476,-16.04274397707779,209.29288376556138
5.52609885792522,-16.04274397707779,209.29288376556138
5.52609885792522,-16.121261266048965,209.29288376556138
5.52609885792522,-16.121261266048965,210.28973596099743
5.557426180752073,-16.121261266048965,210.28973596099743
5.557426180752073,-16.203118473401602,210.28973596099743
5.557426180752073,-16.203118473401602,211.28588755410408
5.586891065645709,-16.203118473401602,211.28588755410408
5.586891065645709,-16.282311333393757,211.28588755410408
5.586891065645709,-16.282311333393757,212.2823113151036
5.6265883473539615,-16.282311333393757,212.2823113151036
5.6265883473539615,-16.349307707112146,212.2823113151036
5.6265883473539615,-16.349307707112146,213.2792745098774
5.663177734417737,-16.349307707112146,213.2792745098774
5.663177734417737,-16.425487810458115,213.2792745098774
5.663177734417737,-16.425487810458115,214.27569701494667
5.696077250291256,-16.425487810458115,214.27569701494667
5.696077250291256,-16.513266213342767,214.27569701494667
5.696077250291256,-16.513266213342767,215.27129360686646
5.7154442298040244,-16.513266213342767,215.27129360686646
5.7154442298040244,-16.578944213077325,215.27129360686646
5.7154442298040244,-16.578944213077325,216.26894651266858
5.735741630448156,-16.578944213077325,216.26894651266858
5.735741630448156,-16.646823581607922,216.26894651266858
5.735741630448156,-16.646823581607922,217.26643355862706
5.753891199400896,-16.646823581607922,217.26643355862706
5.753891199400896,-16.73668540773267,217.26643355862706
5.753891199400896,-16.73668540773267,218.26222241443554
5.7816481357418406,-16.73668540773267,218.26222241443554
5.7816481357418406,-16.822337461925287,218.26222241443554
5.7816481357418406,-16.822337461925287,219.25816080514932
5.808993624536321,-16.822337461925287,219.25816080514932
5.808993624536321,-16.89863099647209,219.25816080514932
5.808993624536321,-16.89863099647209,220.25487115466362
5.843889635387369,-16.89863099647209,220.25487115466362
5.843889635387369,-16.96280764771086,220.25487115466362
5.843889635387369,-16.96280764771086,221.25219939845422
5.874750639284091,-16.96280764771086,221.25219939845422
5.874750639284091,-17.04597453789323,221.25219939845422
5.874750639284091,-17.04597453789323,222.24825706084926
5.898013936314149,-17.04597453789323,222.24825706084926
5.898013936314149,-17.136502890051982,222.24825706084926
5.898013936314149,-17.136502890051982,223.2438791962333
5.929724983648117,-17.136502890051982,223.2438791962333
5.929724983648117,-17.217206957248976,223.2438791962333
5.929724983648117,-17.217206957248976,224.2401127346242
5.955730242262045,-17.217206957248976,224.2401127346242
5.955730242262045,-17.280357716807053,224.2401127346242
5.955730242262045,-17.280357716807053,225.23777786285694
5.980337949899819,-17.280357716807053,225.23777786285694
5.980337949899819,-17.351922839385743,225.23777786285694
5.980337949899819,-17.351922839385743,226.23491019808387
6.014320463748742,-17.351922839385743,226.23491019808387
6.014320463748742,-17.44333165970844,226.23491019808387
6.014320463748742,-17.44333165970844,227.23014364623546
6.041770639435743,-17.44333165970844,227.23014364623546
6.041770639435743,-17.533624534708157,227.23014364623546
6.041770639435743,-17.533624534708157,228.22568052881644
6.080205547528899,-17.533624534708157,228.22568052881644
6.080205547528899,-17.602396529536602,228.22568052881644
6.080205547528899,-17.602396529536602,229.22257228350557
6.125280481969866,-17.602396529536602,229.22257228350557
6.125280481969866,-17.666142758325133,229.22257228350557
6.125280481969866,-17.666142758325133,230.21951995946475
6.140620296730766,-17.666142758325133,230.21951995946475
6.140620296730766,-17.753386106401635,230.21951995946475
6.140620296730766,-17.753386106401635,231.21558887690946
6.173482242192566,-17.753386106401635,231.21558887690946
6.173482242192566,-17.841699228524277,231.21558887690946
6.173482242192566,-17.841699228524277,232.21113942057934
6.196293921024297,-17.841699228524277,232.21113942057934
6.196293921024297,-17.917628541433423,232.21113942057934
6.196293921024297,-17.917628541433423,233.20799164972368
6.215241121677436,-17.917628541433423,233.20799164972368
6.215241121677436,-17.978574360144954,233.20799164972368
6.215241121677436,-17.978574360144954,234.20595287681067
6.235449304250925,-17.978574360144954,234.20595287681067
6.235449304250925,-18.054692665807856,234.20595287681067
6.235449304250925,-18.054692665807856,235.20284686962037
6.262910689193954,-18.054692665807856,235.20284686962037
6.262910689193954,-18.14373799041661,235.20284686962037
6.262910689193954,-18.14373799041661,236.19849580498982
6.29274922420268,-18.14373799041661,236.19849580498982
6.29274922420268,-18.223322515837218,236.19849580498982
6.29274922420268,-18.223322515837218,237.1948772405566
6.3180999342888065,-18.223322515837218,237.1948772405566
6.3180999342888065,-18.289659029915953,237.1948772405566
6.3180999342888065,-18.289659029915953,238.19235245749084
6.345969637478893,-18.289659029915953,238.19235245749084
6.345969637478893,-18.366051743991566,238.19235245749084
6.345969637478893,-18.366051743991566,239.18904069002912
6.378966654489705,-18.366051743991566,239.18904069002912
6.378966654489705,-18.452709658057135,239.18904069002912
6.378966654489705,-18.452709658057135,240.18473220992783
6.39457522567268,-18.452709658057135,240.18473220992783
6.39457522567268,-18.53867547575605,240.18473220992783
6.39457522567268,-18.53867547575605,241.18090802307177
6.421087755826964,-18.53867547575605,241.18090802307177
6.421087755826964,-18.607839500130506,241.18090802307177
6.421087755826964,-18.607839500130506,242.17816096163708
6.440238103262322,-18.607839500130506,242.17816096163708
6.440238103262322,-18.67316834068794,242.17816096163708
6.440238103262322,-18.67316834068794,243.1758409738577
6.468453955848462,-18.67316834068794,243.1758409738577
6.468453955848462,-18.756290954938436,243.1758409738577
6.468453955848462,-18.756290954938436,244.1719807716085
6.495922260285323,-18.756290954938436,244.1719807716085
6.495922260285323,-18.840171348471536,244.1719807716085
6.495922260285323,-18.840171348471536,245.16807794148306
6.527959270513368,-18.840171348471536,245.16807794148306
6.527959270513368,-18.914033029275256,245.16807794148306
6.527959270513368,-18.914033029275256,246.16483171352735
6.570680285457068,-18.914033029275256,246.16483171352735
6.570680285457068,-18.97941078288545,246.16483171352735
6.570680285457068,-18.97941078288545,247.16177738116178
6.596418834824017,-18.97941078288545,247.16177738116178
6.596418834824017,-19.066991398077022,247.16177738116178
6.596418834824017,-19.066991398077022,248.15760224674767
6.631723933548928,-19.066991398077022,248.15760224674767
6.631723933548928,-19.15175931947773,248.15760224674767
6.631723933548928,-19.15175931947773,249.15337729639765
6.6662291189859655,-19.15175931947773,249.15337729639765
6.6662291189859655,-19.213347260231572,249.15337729639765
6.6662291189859655,-19.213347260231572,250.1508823428669
6.695680739051618,-19.213347260231572,250.1508823428669
6.695680739051618,-19.27147361207863,250.1508823428669
6.695680739051618,-19.27147361207863,251.14875704907828
6.726193875604079,-19.27147361207863,251.14875704907828
6.726193875604079,-19.334131691077786,251.14875704907828
6.726193875604079,-19.334131691077786,252.14632554980085
6.751595603368472,-19.334131691077786,252.14632554980085
6.751595603368472,-19.42607673448364,252.14632554980085
6.751595603368472,-19.42607673448364,253.14176558376556
6.7786994261282905,-19.42607673448364,253.14176558376556
6.7786994261282905,-19.505380245180056,253.14176558376556
6.7786994261282905,-19.505380245180056,254.13824756352386
6.8076770678223255,-19.505380245180056,254.13824756352386
6.8076770678223255,-19.576404105876048,254.13824756352386
6.8076770678223255,-19.576404105876048,255.13530117667298
6.837244973204773,-19.576404105876048,255.13530117667298
6.837244973204773,-19.642625011578424,255.13530117667298
6.837244973204773,-19.642625011578424,256.1326679751074
6.870355502169951,-19.642625011578424,256.1326679751074
6.870355502169951,-19.732019050357586,256.1326679751074
6.870355502169951,-19.732019050357586,257.1281138042224
6.922680297717384,-19.732019050357586,257.1281138042224
6.922680297717384,-19.812334478850996,257.1281138042224
6.922680297717384,-19.812334478850996,258.12350897585867
6.955361087926406,-19.812334478850996,258.12350897585867
6.955361087926406,-19.88260021100017,258.12350897585867
6.955361087926406,-19.88260021100017,259.12050180072595
6.987889179789866,-19.88260021100017,259.12050180072595
6.987889179789866,-19.9469552736453,259.12050180072595
6.987889179789866,-19.9469552736453,260.1178985869408
7.028805397856702,-19.9469552736453,260.1178985869408
7.028805397856702,-20.01324425113421,260.1178985869408
7.028805397856702,-20.01324425113421,261.11485978706975
7.058902701001184,-20.01324425113421,261.11485978706975
7.058902701001184,-20.10447847499326,261.11485978706975
7.058902701001184,-20.10447847499326,262.11023432398554
7.090589420583317,-20.10447847499326,262.11023432398554
7.090589420583317,-20.19474775938281,262.11023432398554
7.090589420583317,-20.19474775938281,263.1056475085968
7.116648932056984,-20.19474775938281,263.1056475085968
7.116648932056984,-20.263292052789513,263.1056475085968
7.116648932056984,-20.263292052789513,264.1029551751186
7.146415237490577,-20.263292052789513,264.1029551751186
7.146415237490577,-20.33439352902498,264.1029551751186
7.146415237490577,-20.33439352902498,265.0999800229223
7.180673022752797,-20.33439352902498,265.0999800229223
7.180673022752797,-20.419718627629834,265.0999800229223
7.180673022752797,-20.419718627629834,266.09574406711
7.208471967006692,-20.419718627629834,266.09574406711
7.208471967006692,-20.510909745242813,266.09574406711
7.208471967006692,-20.510909745242813,267.0911893939697
7.230584921576305,-20.510909745242813,267.0911893939697
7.230584921576305,-20.583460304811307,267.0911893939697
7.230584921576305,-20.583460304811307,268.08830896229966
7.255442176780741,-20.583460304811307,268.08830896229966
7.255442176780741,-20.64171095875312,268.08830896229966
7.255442176780741,-20.64171095875312,269.0863014363089
7.278015993260492,-20.64171095875312,269.0863014363089
7.278015993260492,-20.707714150944533,269.0863014363089
7.278015993260492,-20.707714150944533,270.08386547005813
7.312252727250594,-20.707714150944533,270.08386547005813
7.312252727250594,-20.801408432282706,270.08386547005813
7.312252727250594,-20.801408432282706,271.07887764470235
7.342598010200636,-20.801408432282706,271.07887764470235
7.342598010200636,-20.887079126164018,271.07887764470235
7.342598010200636,-20.887079126164018,272.07473892822156
7.378638924819185,-20.887079126164018,272.07473892822156
7.378638924819185,-20.95272444109027,272.07473892822156
7.378638924819185,-20.95272444109027,273.0719308581436
7.406139359486387,-20.95272444109027,273.0719308581436
7.406139359486387,-21.017481379507473,273.0719308581436
7.406139359486387,-21.017481379507473,274.0694529205663
7.444249201922296,-21.017481379507473,274.0694529205663
7.444249201922296,-21.094301306562105,274.0694529205663
7.444249201922296,-21.094301306562105,275.0657693054144
7.476504051665737,-21.094301306562105,275.0657693054144
7.476504051665737,-21.180562884853412,275.0657693054144
7.476504051665737,-21.180562884853412,276.0615195576256
7.488389204998539,-21.180562884853412,276.0615195576256
7.488389204998539,-21.253807076860184,276.0615195576256
7.488389204998539,-21.253807076860184,277.0587627734298
7.521812222327021,-21.253807076860184,277.0587627734298
7.521812222327021,-21.318722867190683,277.0587627734298
7.521812222327021,-21.318722867190683,278.05609363231184
7.541357776986955,-21.318722867190683,278.05609363231184
7.541357776986955,-21.38917352646148,278.05609363231184
7.541357776986955,-21.38917352646148,279.0534173891237
7.564416609783861,-21.38917352646148,279.0534173891237
7.564416609783861,-21.4720881192562,279.0534173891237
7.564416609783861,-21.4720881192562,280.04970723677434
7.5928930423771845,-21.4720881192562,280.04970723677434
7.5928930423771845,-21.55773078264709,280.04970723677434
7.5928930423771845,-21.55773078264709,281.0456261225246
7.623355878337464,-21.55773078264709,281.0456261225246
7.623355878337464,-21.638789372348995,281.0456261225246
7.623355878337464,-21.638789372348995,282.04186982798063
7.660172358771466,-21.638789372348995,282.04186982798063
7.660172358771466,-21.704733484630044,282.04186982798063
7.660172358771466,-21.704733484630044,283.03901370968674
7.694641370276594,-21.704733484630044,283.03901370968674
7.694641370276594,-21.779008870218757,283.03901370968674
7.694641370276594,-21.779008870218757,284.0356555984018
7.734805079612404,-21.779008870218757,284.0356555984018
7.734805079612404,-21.87163661680437,284.0356555984018
7.734805079612404,-21.87163661680437,285.0305460330803
7.763444855598181,-21.87163661680437,285.0305460330803
7.763444855598181,-21.955926061863632,285.0305460330803
7.763444855598181,-21.955926061863632,286.0265756775604
7.785995614801418,-21.955926061863632,286.0265756775604
7.785995614801418,-22.019739916397082,286.0265756775604
7.785995614801418,-22.019739916397082,287.02428267624737
7.808264976474474,-22.019739916397082,287.02428267624737
7.808264976474474,-22.081297231230046,287.02428267624737
7.808264976474474,-22.081297231230046,288.0221377621798
7.828924752456152,-22.081297231230046,288.0221377621798
7.828924752456152,-22.153157032467593,288.0221377621798
7.828924752456152,-22.153157032467593,289.01933851560034
7.853334352769367,-22.153157032467593,289.01933851560034
7.853334352769367,-22.242617851929595,289.01933851560034
7.853334352769367,-22.242617851929595,290.01502969924803
7.880853267841465,-22.242617851929595,290.01502969924803
7.880853267841465,-22.321741444741157,290.01502969924803
7.880853267841465,-22.321741444741157,291.0115146044894
7.916191555722534,-22.321741444741157,291.0115146044894
7.916191555722534,-22.38432735660326,291.0115146044894
7.916191555722534,-22.38432735660326,292.00892836469427
7.9516569244323785,-22.38432735660326,292.00892836469427
7.9516569244323785,-22.449974700941155,292.00892836469427
7.9516569244323785,-22.449974700941155,293.00614079632743
7.983375097570333,-22.449974700941155,293.00614079632743
7.983375097570333,-22.52979427156006,293.00614079632743
7.983375097570333,-22.52979427156006,294.0024453650407
8.017332282271207,-22.52979427156006,294.0024453650407
8.017332282271207,-22.61635135657099,294.0024453650407
8.017332282271207,-22.61635135657099,294.9981133722809
8.036238941342269,-22.61635135657099,294.9981133722809
8.036238941342269,-22.697616456841484,294.9981133722809
8.036238941342269,-22.697616456841484,295.9946265541911
8.062429656364909,-22.697616456841484,295.9946265541911
8.062429656364909,-22.765565214555128,295.9946265541911
8.062429656364909,-22.765565214555128,296.9919715360162
8.084218808075551,-22.765565214555128,296.9919715360162
8.084218808075551,-22.831908444804323,296.9919715360162
8.084218808075551,-22.831908444804323,297.9895304609263
8.109236327382755,-22.831908444804323,297.9895304609263
8.109236327382755,-22.91390966248551,297.9895304609263
8.109236327382755,-22.91390966248551,298.9858486450555
8.136962701032251,-22.91390966248551,298.9858486450555
8.136962701032251,-23.004715053699538,298.9858486450555
8.136962701032251,-23.004715053699538,299.9813312562199
8.17159135237007,-23.004715053699538,299.9813312562199
8.17159135237007,-23.082167636841614,299.9813312562199
8.17159135237007,-23.082167636841614,300.97772573325756
8.209291274310273,-23.082167636841614,300.97772573325756
8.209291274310273,-23.147098722671014,300.97772573325756
8.209291274310273,-23.147098722671014,301.9749030845741
8.241304425380049,-23.147098722671014,301.9749030845741
8.241304425380049,-23.224292061676834,301.9749030845741
8.241304425380049,-23.224292061676834,302.97140514005207
8.270662164030545,-23.224292061676834,302.97140514005207
8.270662164030545,-23.310826782781096,302.97140514005207
8.270662164030545,-23.310826782781096,303.9672213204914
8.301710899114253,-23.310826782781096,303.9672213204914
8.301710899114253,-23.396463055684073,303.9672213204914
8.301710899114253,-23.396463055684073,304.96306388074527
8.327592558842577,-23.396463055684073,304.96306388074527
8.327592558842577,-23.46217913690785,304.96306388074527
8.327592558842577,-23.46217913690785,305.9605665305454
8.351151236479355,-23.46217913690785,305.9605665305454
8.351151236479355,-23.52529329047759,305.9605665305454
8.351151236479355,-23.52529329047759,306.95829474620695
8.382782716869382,-23.52529329047759,306.95829474620695
8.382782716869382,-23.601419642711402,306.95829474620695
8.382782716869382,-23.601419642711402,307.9548910676651
8.399394930436642,-23.601419642711402,307.9548910676651
8.399394930436642,-23.692775063972327,307.9548910676651
8.399394930436642,-23.692775063972327,308.9505708461916
8.435032181751115,-23.692775063972327,308.9505708461916
8.435032181751115,-23.772196395724606,308.9505708461916
8.435032181751115,-23.772196395724606,309.9467747602481
8.468413746500444,-23.772196395724606,309.9467747602481
8.468413746500444,-23.840621835408946,309.9467747602481
8.468413746500444,-23.840621835408946,310.943872363464
8.495473357366373,-23.840621835408946,310.943872363464
8.495473357366373,-23.908506252317736,310.943872363464
8.495473357366373,-23.908506252317736,311.94119853047295
8.521022028149332,-23.908506252317736,311.94119853047295
8.521022028149332,-23.986238198537354,311.94119853047295
8.521022028149332,-23.986238198537354,312.9378454137562
8.541994286542002,-23.986238198537354,312.9378454137562
8.541994286542002,-24.07249708504442,312.9378454137562
8.541994286542002,-24.07249708504442,313.9338974048071
8.558300629493978,-24.07249708504442,313.9338974048071
8.558300629493978,-24.14844795322226,313.9338974048071
8.558300629493978,-24.14844795322226,314.9308756236276
8.582141471654177,-24.14844795322226,314.9308756236276
8.582141471654177,-24.204846849015873,314.9308756236276
8.582141471654177,-24.204846849015873,315.92899925264277
8.597535605161854,-24.204846849015873,315.92899925264277
8.597535605161854,-24.270635229987754,315.92899925264277
8.597535605161854,-24.270635229987754,316.9267140964647
8.61270408275803,-24.270635229987754,316.9267140964647
8.61270408275803,-24.361055509736826,316.9267140964647
8.61270408275803,-24.361055509736826,317.9225022718803
8.638519124989012,-24.361055509736826,317.9225022718803
8.638519124989012,-24.446372731819633,317.9225022718803
8.638519124989012,-24.446372731819633,318.91852162671773
8.675016906510931,-24.446372731819633,318.91852162671773
8.675016906510931,-24.51302449033513,318.91852162671773
8.675016906510931,-24.51302449033513,319.9156301739837
8.707596067025307,-24.51302449033513,319.9156301739837
8.707596067025307,-24.57723937101845,319.9156301739837
8.707596067025307,-24.57723937101845,320.9130343284762
8.736373770597229,-24.57723937101845,320.9130343284762
8.736373770597229,-24.65551538142028,320.9130343284762
8.736373770597229,-24.65551538142028,321.90955061533396
8.780200738340639,-24.65551538142028,321.90955061533396
8.780200738340639,-24.74415045693139,321.90955061533396
8.780200738340639,-24.74415045693139,322.9046501180409
8.799608886850697,-24.74415045693139,322.9046501180409
8.799608886850697,-24.83169586158521,322.9046501180409
8.799608886850697,-24.83169586158521,323.9006215663743
8.82326396878004,-24.83169586158521,323.9006215663743
8.82326396878004,-24.896246156749438,323.9006215663743
8.82326396878004,-24.896246156749438,324.8982556157597
8.844641137864915,-24.896246156749438,324.8982556157597
8.844641137864915,-24.961461907845123,324.8982556157597
8.844641137864915,-24.961461907845123,325.8958977973313
8.867129731539844,-24.961461907845123,325.8958977973313
8.867129731539844,-25.038354786068684,325.8958977973313
8.867129731539844,-25.038354786068684,326.8926835057125
8.888777270485784,-25.038354786068684,326.8926835057125
8.888777270485784,-25.126211693340014,326.8926835057125
8.888777270485784,-25.126211693340014,327.8885813658881
8.921630611898419,-25.126211693340014,327.8885813658881
8.921630611898419,-25.195352031089644,327.8885813658881
8.921630611898419,-25.195352031089644,328.88564719704164
8.954308859365863,-25.195352031089644,328.88564719704164
8.954308859365863,-25.25885810137467,328.88564719704164
8.954308859365863,-25.25885810137467,329.88309349192645
8.986632232275726,-25.25885810137467,329.88309349192645
8.986632232275726,-25.33624311150604,329.88309349192645
8.986632232275726,-25.33624311150604,330.87957066666286
9.032307025869812,-25.33624311150604,330.87957066666286
9.032307025869812,-25.430309550361226,330.87957066666286
9.032307025869812,-25.430309550361226,331.8740882976334
9.067842780391326,-25.430309550361226,331.8740882976334
9.067842780391326,-25.51780551873162,331.8740882976334
9.067842780391326,-25.51780551873162,332.8696191438002
9.100344925701783,-25.51780551873162,332.8696191438002
9.100344925701783,-25.591260026779633,332.8696191438002
9.100344925701783,-25.591260026779633,333.86638794638066
9.147142658149729,-25.591260026779633,333.86638794638066
9.147142658149729,-25.653277401514515,333.86638794638066
9.147142658149729,-25.653277401514515,334.8633652868798
9.176583004936887,-25.653277401514515,334.8633652868798
9.176583004936887,-25.72988279832606,334.8633652868798
9.176583004936887,-25.72988279832606,335.8599920370528
9.195316845777825,-25.72988279832606,335.8599920370528
9.195316845777825,-25.820037440713886,335.8599920370528
9.195316845777825,-25.820037440713886,336.855743604294
9.219316775347433,-25.820037440713886,336.855743604294
9.219316775347433,-25.897763753480742,336.855743604294
9.219316775347433,-25.897763753480742,337.85242942424145
9.244639745717343,-25.897763753480742,337.85242942424145
9.244639745717343,-25.9638876900904,337.85242942424145
9.244639745717343,-25.9638876900904,338.8499194603716
9.272887512188994,-25.9638876900904,338.8499194603716
9.272887512188994,-26.030531745223914,338.8499194603716
9.272887512188994,-26.030531745223914,339.8472963367853
9.306293209631644,-26.030531745223914,339.8472963367853
9.306293209631644,-26.111110772702883,339.8472963367853
9.306293209631644,-26.111110772702883,340.8434846120169
9.323764816655295,-26.111110772702883,340.8434846120169
9.323764816655295,-26.202949325918013,340.8434846120169
9.323764816655295,-26.202949325918013,341.839105234087
9.346822168562722,-26.202949325918013,341.839105234087
9.346822168562722,-26.272225780408355,341.839105234087
9.346822168562722,-26.272225780408355,342.8364362380051
9.372765552137166,-26.272225780408355,342.8364362380051
9.372765552137166,-26.330160121903635,342.8364362380051
9.372765552137166,-26.330160121903635,343.8344194808124
9.40273051558748,-26.330160121903635,343.8344194808124
9.40273051558748,-26.38857468259482,343.8344194808124
9.40273051558748,-26.38857468259482,344.8322620736419
9.42518896078457,-26.38857468259482,344.8322620736419
9.42518896078457,-26.470086701552624,344.8322620736419
9.42518896078457,-26.470086701552624,345.82868136741575
9.457290161032272,-26.470086701552624,345.82868136741575
9.457290161032272,-26.56053185920201,345.82868136741575
9.457290161032272,-26.56053185920201,346.8240653066073
9.486250633987098,-26.56053185920201,346.8240653066073
9.486250633987098,-26.632680887400046,346.8240653066073
9.486250633987098,-26.632680887400046,347.8210386305916
9.524329503191181,-26.632680887400046,347.8210386305916
9.524329503191181,-26.69071054998524,347.8210386305916
9.524329503191181,-26.69071054998524,348.8186270016046
9.549712153005565,-26.69071054998524,348.8186270016046
9.549712153005565,-26.765216883653235,348.8186270016046
9.549712153005565,-26.765216883653235,349.8155244523646
9.577478579669203,-26.765216883653235,349.8155244523646
9.577478579669203,-26.857988973332507,349.8155244523646
9.577478579669203,-26.857988973332507,350.8108245904772
9.589823990778177,-26.857988973332507,350.8108245904772
9.589823990778177,-26.94681795133437,350.8108245904772
9.589823990778177,-26.94681795133437,351.8067949733158
9.605265751758209,-26.94681795133437,351.8067949733158
9.605265751758209,-27.013636186497102,351.8067949733158
9.605265751758209,-27.013636186497102,352.80444063960596
9.615530585529548,-27.013636186497102,352.80444063960596
9.615530585529548,-27.07489928717715,352.80444063960596
9.615530585529548,-27.07489928717715,353.8025095078123
9.632438760968634,-27.07489928717715,353.8025095078123
9.632438760968634,-27.14920667155697,353.8025095078123
9.632438760968634,-27.14920667155697,354.799601542797
9.658016369549975,-27.14920667155697,354.799601542797
9.658016369549975,-27.233896745078372,354.799601542797
9.658016369549975,-27.233896745078372,355.7956805443758
9.688147005754503,-27.233896745078372,355.7956805443758
9.688147005754503,-27.30941528542024,355.7956805443758
9.688147005754503,-27.30941528542024,356.792369610648
9.717309842239299,-27.30941528542024,356.792369610648
9.717309842239299,-27.371580532634038,356.792369610648
9.717309842239299,-27.371580532634038,357.79000933069074
9.740751252106898,-27.371580532634038,357.79000933069074
9.740751252106898,-27.44173376057688,357.79000933069074
9.740751252106898,-27.44173376057688,358.7872700914312
9.770632056100496,-27.44173376057688,358.7872700914312
9.770632056100496,-27.516994321092437,358.7872700914312
9.770632056100496,-27.516994321092437,359.783986192226
9.787950168248472,-27.516994321092437,359.783986192226
9.787950168248472,-27.61065951109636,359.783986192226
9.787950168248472,-27.61065951109636,360.7794393127561
9.801431285587151,-27.61065951109636,360.7794393127561
9.801431285587151,-27.690490887694505,360.7794393127561
9.801431285587151,-27.690490887694505,361.77615652981706
9.825904273633492,-27.690490887694505,361.77615652981706
9.825904273633492,-27.751288396756074,361.77615652981706
9.825904273633492,-27.751288396756074,362.7740065865631
9.85591362688483,-27.751288396756074,362.7740065865631
9.85591362688483,-27.80897231334718,362.7740065865631
9.85591362688483,-27.80897231334718,363.77189034957564
9.8840252306496,-27.80897231334718,363.77189034957564
9.8840252306496,-27.89298698444532,363.77189034957564
9.8840252306496,-27.89298698444532,364.7679582552799
9.90524156660509,-27.89298698444532,364.7679582552799
9.90524156660509,-27.982429220659142,364.7679582552799
9.90524156660509,-27.982429220659142,365.7637242686935
9.935168765032397,-27.982429220659142,365.7637242686935
9.935168765032397,-28.052442422267266,365.7637242686935
9.935168765032397,-28.052442422267266,366.7608213123131
9.95701477163952,-28.052442422267266,366.7608213123131
9.95701477163952,-28.116414480399367,366.7608213123131
9.95701477163952,-28.116414480399367,367.75853385998084
9.983239191447833,-28.116414480399367,367.75853385998084
9.983239191447833,-28.190707525879596,367.75853385998084
9.983239191447833,-28.190707525879596,368.75542544044436
10.016881626650163,-28.190707525879596,368.75542544044436
10.016881626650163,-28.28176706094877,368.75542544044436
10.016881626650163,-28.28176706094877,369.7507024609902
10.045265024903902,-28.28176706094877,369.7507024609902
10.045265024903902,-28.36475128701057,369.7507024609902
10.045265024903902,-28.36475128701057,370.7468490370163
10.067694750259802,-28.36475128701057,370.7468490370163
10.067694750259802,-28.429317248676593,370.7468490370163
10.067694750259802,-28.429317248676593,371.7445103743521
10.080587727190826,-28.429317248676593,371.7445103743521
10.080587727190826,-28.491577989707405,371.7445103743521
10.080587727190826,-28.491577989707405,372.74248701299257
10.099138817995433,-28.491577989707405,372.74248701299257
10.099138817995433,-28.568503539964652,372.74248701299257
10.099138817995433,-28.568503539964652,373.7393512548769
10.138876989664004,-28.568503539964652,373.7393512548769
10.138876989664004,-28.65406989036425,373.7393512548769
10.138876989664004,-28.65406989036425,374.7348909463969
10.179964245675816,-28.65406989036425,374.7348909463969
10.179964245675816,-28.74365533357365,374.7348909463969
10.179964245675816,-28.74365533357365,375.73002223711103
10.217962624107633,-28.74365533357365,375.73002223711103
10.217962624107633,-28.819489662667987,375.73002223711103
10.217962624107633,-28.819489662667987,376.7264183821093
10.257454650459447,-28.819489662667987,376.7264183821093
10.257454650459447,-28.886595941150443,376.7264183821093
10.257454650459447,-28.886595941150443,377.7233823369456
10.292868479951382,-28.886595941150443,377.7233823369456
10.292868479951382,-28.961181326865983,377.7233823369456
10.292868479951382,-28.961181326865983,378.71996794838014
10.332829547873008,-28.961181326865983,378.71996794838014
10.332829547873008,-29.054876764289446,378.71996794838014
10.332829547873008,-29.054876764289446,379.7147665601889
10.358908090619984,-29.054876764289446,379.7147665601889
10.358908090619984,-29.148595777099896,379.7147665601889
10.358908090619984,-29.148595777099896,380.71002364066914
10.386737591385755,-29.148595777099896,380.71002364066914
10.386737591385755,-29.216883898491744,380.71002364066914
10.386737591385755,-29.216883898491744,381.7073010601287
10.420235873619145,-29.216883898491744,381.7073010601287
10.420235873619145,-29.27311056632541,381.7073010601287
10.420235873619145,-29.27311056632541,382.70515697503413
10.436624236470491,-29.27311056632541,382.70515697503413
10.436624236470491,-29.352277849246317,382.70515697503413
10.436624236470491,-29.352277849246317,383.7018835989777
10.471508085062478,-29.352277849246317,383.7018835989777
10.471508085062478,-29.43444392531051,383.7018835989777
10.471508085062478,-29.43444392531051,384.6978915573052
10.505525012369722,-29.43444392531051,384.6978915573052
10.505525012369722,-29.515508468322338,384.6978915573052
10.505525012369722,-29.515508468322338,385.6940197561445
10.520114998467502,-29.515508468322338,385.6940197561445
10.520114998467502,-29.595926185678422,385.6940197561445
10.520114998467502,-29.595926185678422,386.69067422136345
10.561446836822297,-29.595926185678422,386.69067422136345
10.561446836822297,-29.661912890852598,386.69067422136345
10.561446836822297,-29.661912890852598,387.68763832998445
10.598573880782443,-29.661912890852598,387.68763832998445
10.598573880782443,-29.743744833293185,387.68763832998445
10.598573880782443,-29.743744833293185,388.68359270434263
10.635232526391656,-29.743744833293185,388.68359270434263
10.635232526391656,-29.828052212730956,388.68359270434263
10.635232526391656,-29.828052212730956,389.6793579424758
10.671610980986705,-29.828052212730956,389.6793579424758
10.671610980986705,-29.91022812412031,389.6793579424758
10.671610980986705,-29.91022812412031,390.675311619927
10.670340511610462,-29.91022812412031,390.675311619927
10.670340511610462,-29.97856745731546,390.675311619927
10.670340511610462,-29.97856745731546,391.67297294595204
10.684711452381567,-29.97856745731546,391.67297294595204
10.684711452381567,-30.044976891821506,391.67297294595204
10.684711452381567,-30.044976891821506,392.67066190703656
10.696207115011754,-30.044976891821506,392.67066190703656
10.696207115011754,-30.11764146082545,392.67066190703656
10.696207115011754,-30.11764146082545,393.66795209056
10.73539144821757,-30.11764146082545,393.66795209056
10.73539144821757,-30.20063108866044,393.66795209056
10.73539144821757,-30.20063108866044,394.66373184015475
10.775490176311811,-30.20063108866044,394.66373184015475
10.775490176311811,-30.281976315939577,394.66373184015475
10.775490176311811,-30.281976315939577,395.6596108719674
10.799662286188335,-30.281976315939577,395.6596108719674
10.799662286188335,-30.353611431358576,395.6596108719674
10.799662286188335,-30.353611431358576,396.656748836014
10.840803990094864,-30.353611431358576,396.656748836014
10.840803990094864,-30.42127180187096,396.656748836014
10.840803990094864,-30.42127180187096,397.6536086227753
10.870699820826355,-30.42127180187096,397.6536086227753
10.870699820826355,-30.491999781626568,397.6536086227753
10.870699820826355,-30.491999781626568,398.6506561603504
10.910032955910598,-30.491999781626568,398.6506561603504
10.910032955910598,-30.576738856494543,398.6506561603504
10.910032955910598,-30.576738856494543,399.6462826935821
10.921813492880252,-30.576738856494543,399.6462826935821
10.921813492880252,-30.659038098141657,399.6462826935821
10.921813492880252,-30.659038098141657,400.64282072786534
10.942334362555194,-30.659038098141657,400.64282072786534
10.942334362555194,-30.735938458057753,400.64282072786534
10.942334362555194,-30.735938458057753,401.63964831002414
10.951774409879697,-30.735938458057753,401.63964831002414
10.951774409879697,-30.79654666415271,401.63964831002414
10.951774409879697,-30.79654666415271,402.6377653025959
10.965791922384435,-30.79654666415271,402.6377653025959
10.965791922384435,-30.858629505121534,402.6377653025959
10.965791922384435,-30.858629505121534,403.63573786243927
10.967490951818169,-30.858629505121534,403.63573786243927
10.967490951818169,-30.92971948857218,403.63573786243927
10.967490951818169,-30.92971948857218,404.6332063218664
10.979303904280961,-30.92971948857218,404.6332063218664
10.979303904280961,-31.019174764639494,404.6332063218664
10.979303904280961,-31.019174764639494,405.6291271057332
11.010111051988694,-31.019174764639494,405.6291271057332
11.010111051988694,-31.108154491255455,405.6291271057332
11.010111051988694,-31.108154491255455,406.62468399908556
11.039181867334204,-31.108154491255455,406.62468399908556
11.039181867334204,-31.183689671583394,406.62468399908556
11.039181867334204,-31.183689671583394,407.6214032796395
11.055671041234534,-31.183689671583394,407.6214032796395
11.055671041234534,-31.24441102255382,407.6214032796395
11.055671041234534,-31.24441102255382,408.6194218289062
11.085306967638841,-31.24441102255382,408.6194218289062
11.085306967638841,-31.316870567809595,408.6194218289062
11.085306967638841,-31.316870567809595,409.6163527824669
11.0853856378003,-31.316870567809595,409.6163527824669
11.0853856378003,-31.40893065981394,409.6163527824669
11.0853856378003,-31.40893065981394,410.6121062325092
11.654141533331915,-31.40893065981394,410.6121062325092
11.654141533331915,-31.990509604660975,410.6121062325092
11.654141533331915,-31.990509604660975,411.19372695274586
12.222897428863527,-31.990509604660975,411.19372695274586
12.222897428863527,-32.57208854950801,411.19372695274586
12.222897428863527,-32.57208854950801,411.77534767298255
